19142027
19142034
19142035
19142038
19142039
19142041
19142045
19142048
19142049
19142053
19142054
19142055
19142057
19142058
19142059
19142062
19142064
19142065
19142068
19143001
19143003
19143006
19143007
19143008
19143009
19143010
19143011
19143012
19143013
19143014
19143015
19143016
19143017
19144012
19144013
19144014
19144018
19144019
19144020
19144024
19144025
19144026
19144031
19144032
19144033
19144038
19144044
19145006
19145010
19145015
19145020
19145050
19146007
19146016
19147007
19147008
19147009
19147014
19147040
19148013
19149015
19149018
19149035
19149046
19156004
19156005
19156006
19156009
19156011
19156046
19157004
19157013
19158003
19158007
19158009
19158010
19158011
19158013
19158014
19158015
19158017
19158018
19158019
19159025
19160014
19161053
19162002
19162015
19162019
19162021
19165015
19165018
19165020
19165021
19167026
19167042
